      1 author
      6 1342112045555097601
      6 782531489678393344
      7 2975492973
      8 120481183
      8 959033548379508736
     14 1337664957085671424
     14 1505184995002011649
     15 1501582959991734279
     16 1415531907148926980
     17 915201181500297216
     18 1433816787016114177
     19 4000403652
     20 162197865
     22 2366108005
     26 1237015212160700416
     28 144904056
     28 738414815660670976
     34 1334195751753277445
     35 881978047
     39 1159870188420046848
     45 17667706
     46 3264938916
     47 1276065476041465863
     52 195578878
     55 2219729964
     59 4703167472
     60 1154228711731990528
     60 881623250
     63 1043703373420064770
     64 1101084489885863936
     64 70577874
     65 885212127866257410
     70 124385387
     70 1441827677090959369
     70 24730505
     71 938494109844729856
     85 1255626720578867202
     90 388618787
     92 1174041837692211200
     94 628800662
     96 1497976259296563200
     97 1484955952419803137
    102 2676799425
    104 1492690652529889282
    105 1309237180418666499
    114 1476778228236931073
    120 3222067490
    123 156688202
    141 2218592335
    149 2254180266
    149 977710998
    150 1321812391
    156 1687521895
    170 829874722510880768
    172 707259083
    174 356507343
    176 505069575
    180 1472366361322024966
    185 967871677399994368
    186 100256670
    191 970690110470721536
    195 1357009253697871874
    199 1417952253449842692
    200 1099522514366001152
    210 148365388
    212 1477609642184396806
    214 935349971129311233
    216 870970040878862337
    220 1494715792474230788
    228 1261203450022359043
    237 3065597900
    237 997262774
    242 59028892
    250 1381367533
    252 29090182
    254 41653384
    257 741282999031894016
    261 1148374192586481664
    280 828578052942741505
    282 131042172
    282 1496792408792903684
    286 244954523
    295 86010091
    297 426361581
    303 172373894
    306 42091962
    322 1471037967926018051
    340 1031000589054828544
    343 39508140
    344 2800413166
    345 331202888
    347 989200133215617024
    348 1220498873778626561
    349 531521235
    368 1921951394
    382 29188599
    398 1107055570106961920
    401 936620120255934466
    402 48074704
    404 853523328
    410 348764745
    420 304241213
    431 527445533
    435 1373739644
    444 838381908656603144
    446 17531651
    453 1442877975683293185
    466 49608394
    469 788555560836796416
    483 981436419087523840
    484 3130247577
    519 1103424042911105035
    521 1264114113925402624
    528 1263391922657337345
    537 18218403
    538 4213849704
    563 215475487
    564 817979601653735424
    572 196740371
    581 2332033299
    593 826615125297680384
    599 2886667320
    634 1475643712596168706
    644 3453306553
    651 713338984357695488
    662 2574271742
    680 4842395709
    722 1486065115157843968
    737 2556967117
    742 19913106
    756 631283641
    759 1347898200183681024
    761 1353306974939738113
    773 3231054096
    794 950215424981028864
    796 940778288871542786
    850 220863206
    871 3040987923
    886 971082899381305344
    909 41186732
    931 192374137
    951 1155192156
    958 135624348
    996 22996614
    997 139109800
    998 1323186403614875648
   1038 1011581275851943938
   1047 118166719
   1062 308045021
   1070 4757894056
   1128 36902944
   1150 1335822241234358274
   1176 711608180535640064
   1190 2530758806
   1286 1028022611324747776
   1375 1229752606714728454
   1377 1308267623327518725
   1420 77726331
   1432 419951447
   1665 1060440219097423872
   1673 177400353
   1872 832019161454817280
   1923 1387010761994682371
   1965 1393331109451247616
   2029 943925946
   2062 614600545
   2170 199452338
   2218 870244616003403781
   2282 804582780298412032
   2545 29447428
   2760 45379403
   2878 2156874201
   3214 970109612597895168
   3695 1473384969699569669
   5290 578601744
   7793 302984766
